wl Best Fit
      1.14250   0.00028159785
      1.17750   0.00033997503
      1.21250   0.00041631669
      1.24750   0.00046718021
      1.28250   0.00051229409
      1.31750   0.00050264956
      1.35250   0.00034181647
      1.38750   0.00034243726
      1.42250   0.00035324008
      1.45750   0.00038044871
      1.49250   0.00044211177
      1.52750   0.00050889776
      1.56250   0.00058779040
      1.59750   0.00063304527
      1.63250   0.00069755281
      3.54400    0.0032313995
      4.47900    0.0038636190
