wl Best Fit
      1.14700     0.025449517
      1.17000     0.025431198
      1.19300     0.025406003
      1.21600     0.025404743
      1.23900     0.025398865
      1.26200     0.025397260
      1.28500     0.025410210
      1.30800     0.025402829
      1.33100     0.025435080
      1.35400     0.025507912
      1.37700     0.025523261
      1.40000     0.025509471
      1.42300     0.025512718
      1.44700     0.025479497
      1.47000     0.025443323
      1.49300     0.025438235
      1.51600     0.025418466
      1.53900     0.025410374
      1.56200     0.025404610
      1.58500     0.025404040
      1.60800     0.025398158
      1.63100     0.025397971
